 22  48  54  96  96  94  96  22  22 102  99  33  87  96  99  96  26  28  26 117
 53 116  57  28  40  28  33  96  26  33  96  98  53 102  96  33  96 952  54  96
102  33 102  33  28  85  96  33 102  85  96  25 102  33  26  43  96   2 102  87
 96  94  33  96  96  87  28  28  18  54  96 102 102  96  96  96  96  85  33  85
 18  33  96  84  83  85  96  57  99  89  26  96 102  96  96  33  96  28 631 748
 33  85  25  85   7  96  67  33  85 120  96  22  96  85  33  35  33  96 102  54
 26  96  43  22  43  28  98 948  39  33 102  54  33 102 102  85  96  96  96  96
 99  48  96  96  85  96  33  96  26  28 102  96  87  33  99  96  28   2 102  22
102  87 102  26  85  57  22  94 102  75  85  28  96 117  85  33  48  28  98  28
 35  28  85  33  96  54  28 487  96 503 102  85  33  54  28  96 618  33  98  96
182  96  26  96  94 112  87  96  26  28 397  87  87  99 102  96  33  22  96  57
 18  94  28  85 443  28 112  85 102  85 102  87  22 636  85   2  96  96  43  75
 22  85  96  96  96  96  33  33 813 854  33  96  87  85  85  96  85  85  33  84
 85 102  96 348 420 748  96  22  87  33  96  96  32  96  96  28 102  85  28  54
 96  33  98  28  26  35  33  96  96  85  85 102 102  87  40  96  22  33  85  96
 85  85  96  85 102  33  96 393  96  28 118  96 120  26  87  85 102  85  96  85
 85  87  96 102  96  28  96  85 102  85  96  96  98  26  96  33  33  28  85 118
 33  42  39  33  28  26  28  96 102 369  85 102 102  96  96  96  28 117  94  28
 96  96  85  85  54  28  96  22 102 102  33  85 112  96  33  87  85  28 102  96
 85  30  43 102  33  33  96 960  96  33 118  99  18  28  53  98  33  54  96  96
 96  98 113  33 116  22  87  85  96  96  96  26 102  96  22  96 221  71  96  57
 96  57  39  96  32  57  96  87 102  85  28  28 102 102  96  94  33  33  96  85
102  54  96  96  85  85  96  43  96  33 102  33  85 102  96 534  33  57  98  28
 33  33  33  26 102  96  33 102  26  87  85  33  87 630  26  94  87 958 102  85
 96  28  96  96 118 102 116  33  53 102  26 102 882  22  33 102  28 118  83  96
 94  96  33 116 102  96 117  96  96  33  26  22  85  85  85  54  32  22  99 723
 30  26  22  98  28  85  85  96  26  33  87  28  33  96  28 161  26  85 102  54
 28  96  85 102 550  18  28  96  96  96  96  85  85  96  49  28  28  33  96 102
102  85  33  71  96  33  33 116  94 102  85 102  43 689  28 102 102  26  96 366
347  96  96   7  85  96  96  26  96 102  28  40  85  96  94  28  85  96  28  96
102  28  85  87  85  85  87  96  96  28  57  28  85  32  96  96  28  85 587  96
102  85  96  54  28 102 163  87  96  26  96  28  85  96  85 102  22  96 102  87
898 102  54  87  28  33  96  39  57 846 326  96  28  94  22  96  33  33  40  54
 48  96  94  96 116 118  28 939  96  96 116  96  28  87 864 102  54  33  96 102
 28  33  33  96  33  85  57  26  28  22 121  96  85 102 680  28  87  85  96 102
