## EXAMPLE 4
##
## data from
##
## Barnes, T. G., W. H. Jefferys, J. O. Berger, P. Mueller, K. Orr, and
## R. Rodriguez (2003).
## A Bayesian Analysis of the Cepheid Distance Scale.
## The Astrophysical Journal 592(1), 539.
##
## VARIANCE: residual variance
## PHASE:    x
## VELOCITY: y
##


 phase   velocity variance

  0.461  29.190   0.400
  0.461  29.470   0.410
  0.461  28.490   0.420
  0.498  31.670   0.460
  0.498  31.740   0.430
  0.498  32.590   0.500
  0.499  31.640   0.450
  0.611  41.020   0.500
  0.611  40.650   0.520
  0.611  41.120   0.510
  0.612  41.420   0.590
  0.612  40.790   0.500
  0.685  45.630   0.610
  0.685  45.190   0.640
  0.685  45.100   0.710
  0.748  43.420   0.750
  0.301  15.690   0.360
  0.512  32.210   0.410
  0.624  39.710   0.610
  0.660  42.350   0.590
  0.660  42.260   0.640
  0.733  43.660   0.730
  0.739  43.260   0.760
  0.776  41.210   0.730
  0.777  41.530   0.750
  0.999  -4.370   0.580
  0.626  39.800   0.530
  0.811  40.830   0.820
  0.884  41.110   0.750
  0.291  14.200   0.340
  0.402  23.330   0.320
  0.403  23.550   0.360
  0.474  29.340   0.360
  0.513  31.770   0.410
  0.549  35.000   0.410
  0.586  37.560   0.450
  0.622  39.700   0.530
  0.659  41.880   0.570
  0.696  43.980   0.670
  0.877  41.140   0.710
  0.137   3.480   0.390
  0.137   3.330   0.400
  0.211   8.130   0.350
  0.463  26.820   0.340
  0.271  10.700   0.320
