y0	x0
21.467	 0.000
24.086	 0.010
23.360	 0.020
22.028	 0.030
22.898	 0.040
22.750	 0.051
22.216	 0.061
22.224	 0.071
22.569	 0.081
23.166	 0.091
21.789	 0.101
23.475	 0.111
22.867	 0.121
22.293	 0.131
22.486	 0.141
20.980	 0.152
23.252	 0.162
21.598	 0.172
24.547	 0.182
23.658	 0.192
21.301	 0.202
21.572	 0.212
23.440	 0.222
22.755	 0.232
23.312	 0.242
22.573	 0.253
20.848	 0.263
22.166	 0.273
21.868	 0.283
23.787	 0.293
24.183	 0.303
21.958	 0.313
24.945	 0.323
22.800	 0.333
21.706	 0.343
23.013	 0.354
22.671	 0.364
23.983	 0.374
23.881	 0.384
22.885	 0.394
22.831	 0.404
23.227	 0.414
22.909	 0.424
23.146	 0.434
22.560	 0.444
21.287	 0.455
22.523	 0.465
21.078	 0.475
24.235	 0.485
23.764	 0.495
21.884	 0.505
22.860	 0.515
21.247	 0.525
23.318	 0.535
22.618	 0.545
22.888	 0.556
24.637	 0.566
23.401	 0.576
20.428	 0.586
22.306	 0.596
24.513	 0.606
21.774	 0.616
22.650	 0.626
23.289	 0.636
22.026	 0.646
22.138	 0.657
21.466	 0.667
22.116	 0.677
23.519	 0.687
23.777	 0.697
22.077	 0.707
23.397	 0.717
23.898	 0.727
22.171	 0.737
21.211	 0.747
21.692	 0.758
20.894	 0.768
21.381	 0.778
22.199	 0.788
24.313	 0.798
21.697	 0.808
21.959	 0.818
21.689	 0.828
23.261	 0.838
23.170	 0.848
23.229	 0.859
23.219	 0.869
22.794	 0.879
24.665	 0.889
22.973	 0.899
21.940	 0.909
22.046	 0.919
19.972	 0.929
23.560	 0.939
23.484	 0.949
22.346	 0.960
22.952	 0.970
23.278	 0.980
22.030	 0.990
21.175	 1.000
